[my_stack_ss.jpg]
moddate=2d99677300bbd501
width=364
height=632
text=2;129;7;MY&#010;LIST;Century;0.225463,0.264485,0.133333,0.000000;v1,4294967295,4278190080,128.000000,1.000000,0.000000,1.000000,400,0,49152;;138;15;arn development;Century;0.324618,0.921547,0.027778,0.000000;v1,4294967295,4278190080,128.000000,1.000000,0.000000,1.000000,400,0,49152;;
textactive=1
